image: /home/freeway/map.pgm
resolution: 0.050000
origin: [-3.167619, -4.355697, 0.000000]
negate: 0
occupied_thresh: 0.65
free_thresh: 0.196

